  0.0112049           0           0
 0.00900444  0.00795932   0.0120846
  0.0116193  0.00498809           0
   0.016222           0   0.0247317
 0.00531856     0.01929  0.00673878
 0.00643425   0.0150244 0.000351605
 0.00688431   0.0241678  0.00262221
  0.0131186   0.0151116           0
  0.0176185   0.0169482           0
 0.00422923   0.0172562   0.0115379
  0.0134259  0.00399501           0
 0.00485618  0.00664313  0.00861615
 0.00840344   0.0385347   0.0116265
 0.00991835  0.00640932  0.00971849
 0.00645761 0.000828075    0.010614
 0.00906667   0.0240003  0.00245294
  0.0124993   0.0233967  0.00304175
  0.0117486  0.00648471   0.0091435
 0.00820609           0   0.0130605
 0.00743445           0    0.017773
 0.00815982           0   0.0257919
 0.00133628   0.0014269  0.00718191
 0.00592901   0.0113896   0.0143858
 0.00751097           0   0.0167054
 0.00791868   0.0242264 1.54737e-05
 0.00493274  0.00478232   0.0134208
 0.00429199   0.0134529  0.00627265
  0.0099858  0.00406072  0.00530443
  0.0115734  0.00100239   0.0020001
 0.00610603   0.0100983   0.0148644
 0.00842653  0.00851358   0.0148864
 0.00687025           0   0.0187548
  0.0148696           0   0.0230871
 0.00901062  0.00661841           0
  0.0113604           0   0.0120185
 0.00875115   0.0222005   0.0120511
 0.00592683   0.0226047   0.0158938
  0.0103208   0.0106287           0
  0.0037949   0.0347468    0.017761
 0.00320573  0.00844025   0.0106519
  0.0171607  0.00333712  0.00902981
 0.00713789   0.0169299   0.0185293
 0.00755906    0.039676   0.0235534
 0.00649244   0.0354483   0.0253577
  0.0097213   0.0162486   0.0010681
 0.00901244  0.00333694           0
  0.0138129           0           0
 0.00161512   0.0118247  0.00596113
  0.0107224   0.0121697   0.0255081
  0.0154539   0.0232835           0
 0.00749637  0.00469401   0.0169934
 0.00566017   0.0141887   0.0147962
 0.00905724   0.0114904           0
 0.00480697   0.0103808   0.0166232
  0.0160879  0.00454239           0
 0.00713442  0.00110414   0.0147418
  0.0133149  0.00179136           0
 0.00888598           0   0.0062061
  0.0241195           0           0
  0.0160908   0.0152002   0.0139152
 0.00472613  0.00489397           0
  0.0182863           0           0
  0.0017325  0.00244025  0.00584514
 0.00673581   0.0168086  0.00283286
 0.00505254   0.0156347   0.0168861
  0.0141923           0   0.0299375
  0.0134088  0.00220308   0.0228595
 0.00757287 0.000509316  0.00980922
  0.0109217           0    0.022955
   0.013809           0   0.0210421
 0.00794386  0.00685401    0.017302
 0.00934352           0   0.0104551
  0.0109495 0.000631038           0
 0.00344308    0.019269  0.00673872
 0.00919286  0.00412269  0.00420832
 0.00953923  0.00125747   0.0188552
   0.006824  0.00899966   0.0094629
 0.00836321   0.0310314  0.00690957
  0.0137497   0.0113854           0
  0.0102603   0.0150563   0.0117081
   0.015904           0  0.00331331
  0.0132094   0.0158041           0
 0.00600057           0           0
  0.0199224           0   0.0305997
  0.0170105           0           0
  0.0134606           0  0.00218174
 0.00816003           0   0.0122056
  0.0129291  0.00154219           0
   0.014809   0.0145013   0.0215243
 0.00866586  0.00143908  0.00811265
 0.00822528   0.0568947    0.021065
 0.00551539  0.00636822   0.0113351
  0.0136872           0   0.0205709
  0.0149919   0.0120318   0.0188534
  0.0166869   0.0247343           0
  0.0128522           0  0.00664041
  0.0188478   0.0106959   0.0154607
  0.0113101  0.00876593           0
   0.012656   0.0391935   0.0354103
  0.0138138   0.0260552  0.00747515
