  0.0059361   0.0133085           0
 0.00841927  0.00917085   0.0119827
 0.00961182   0.0121875           0
          0    0.023735   0.0221749
  0.0126267   0.0018696  0.00784505
  0.0114109  0.00396404  0.00111436
  0.0170418  0.00196451  0.00426074
  0.0178056   0.0102855           0
  0.0220608   0.0147406           0
  0.0102291  0.00150574   0.0123834
   0.010889   0.0140852           0
 0.00461647  0.00502368  0.00844458
   0.026151           0   0.0145667
 0.00838034   0.0104651  0.00949047
 0.00228072  0.00843269  0.00983322
  0.0186694  0.00430088  0.00406897
  0.0209682  0.00810895  0.00457744
 0.00990369   0.0123448  0.00892373
 0.00225365   0.0109632   0.0120355
          0    0.011023   0.0164543
          0     0.01364   0.0238354
          0  0.00272425  0.00652465
 0.00788114  0.00507001   0.0146055
 0.00114945   0.0105359   0.0155841
  0.0180702  0.00292236  0.00169021
 0.00323783  0.00583835   0.0130012
 0.00838274   0.0024112  0.00680967
 0.00734327   0.0110035   0.0049011
 0.00700244   0.0133899  0.00133082
 0.00721967  0.00564059    0.014949
 0.00810031   0.0085295   0.0148049
          0   0.0111655   0.0171808
          0   0.0238588    0.019986
 0.00931943  0.00848429           0
          0   0.0182606  0.00957648
  0.0166867  0.00489583   0.0133637
  0.0144406  0.00197824   0.0172065
  0.0120593  0.00916072           0
  0.0198521           0   0.0202619
  0.0042462  0.00287033    0.010638
  0.0122951    0.018921  0.00847914
  0.0118372  0.00496491   0.0192398
  0.0253393           0   0.0264533
  0.0218632           0   0.0278184
  0.0146727   0.0071102  0.00193074
 0.00676981  0.00978947           0
 0.00875393    0.015544           0
 0.00533239 3.85966e-05   0.0063506
  0.0113422   0.0103823   0.0256413
  0.0241503   0.0106638           0
 0.00495302  0.00871765   0.0165086
 0.00930502  0.00401751   0.0152892
  0.0118378  0.00742437           0
 0.00624455  0.00427109   0.0167175
  0.0134196   0.0166613           0
 0.00269085  0.00924814   0.0139317
 0.00940476   0.0146436           0
 0.00375276   0.0111465  0.00535033
  0.0142848    0.027683           0
  0.0181664   0.0146712   0.0144814
 0.00421023  0.00491372           0
  0.0106127   0.0210305           0
          0  0.00279753  0.00530451
  0.0125365  0.00388812  0.00373896
 0.00954203  0.00306276   0.0174974
 0.00110291   0.0202214   0.0278861
 0.00771372   0.0158977   0.0220286
  0.0030237  0.00966078  0.00900328
          0    0.017598   0.0206108
 0.00349287   0.0184459   0.0194553
 0.00656719  0.00859434   0.0170258
 0.00318161   0.0121154  0.00943555
 0.00692718   0.0124356           0
  0.0111399           0  0.00784986
 0.00683274   0.0101035  0.00382847
 0.00438735    0.011916   0.0179974
 0.00750526  0.00646861  0.00950675
  0.0219866  0.00177755  0.00916737
  0.0152051   0.0125558           0
  0.0136506  0.00847915   0.0123107
 0.00351868   0.0212226  0.00147599
  0.0175894   0.0106284           0
 0.00199844  0.00779168           0
 0.00723249   0.0254893   0.0287974
 0.00951035   0.0199251           0
 0.00502867   0.0170147 0.000928003
          0    0.012967    0.010455
 0.00898778    0.014286           0
  0.0162163   0.0138524    0.021926
 0.00455299   0.0104751  0.00741719
  0.0362694           0   0.0257037
  0.0047829   0.0059139   0.0110981
 0.00668485   0.0167561   0.0195343
  0.0150774   0.0146227   0.0190445
   0.025826   0.0116518           0
 0.00541438   0.0160145  0.00552616
  0.0175494   0.0189078   0.0155495
  0.0119687   0.0105749           0
  0.0282377  0.00524752   0.0380878
  0.0232744  0.00893855  0.00921153
